0.999588 1.000000 -0.082450 -0.000015 0.010000 
0.998351 0.999999 -0.164812 -0.000117 0.020000 
0.996292 0.999997 -0.246997 -0.000397 0.030000 
0.993412 0.999991 -0.328916 -0.000947 0.040000 
0.989715 0.999977 -0.410475 -0.001867 0.050000 
0.985204 0.999952 -0.491575 -0.003261 0.060000 
0.979885 0.999910 -0.572115 -0.005243 0.070000 
0.973764 0.999844 -0.651987 -0.007936 0.080000 
0.966848 0.999748 -0.731078 -0.011475 0.090000 
0.959146 0.999612 -0.809267 -0.016004 0.100000 
0.950666 0.999424 -0.886429 -0.021679 0.110000 
0.941421 0.999174 -0.962432 -0.028667 0.120000 
0.931422 0.998846 -1.037137 -0.037147 0.130000 
0.920683 0.998425 -1.110400 -0.047306 0.140000 
0.909219 0.997893 -1.182073 -0.059341 0.150000 
0.897047 0.997231 -1.252006 -0.073453 0.160000 
0.884185 0.996417 -1.320045 -0.089849 0.170000 
0.870653 0.995426 -1.386037 -0.108735 0.180000 
0.856472 0.994233 -1.449829 -0.130316 0.190000 
0.841664 0.992810 -1.511272 -0.154791 0.200000 
0.826255 0.991127 -1.570224 -0.182349 0.210000 
0.810269 0.989152 -1.626546 -0.213168 0.220000 
0.793733 0.986852 -1.680112 -0.247409 0.230000 
0.776676 0.984192 -1.730803 -0.285213 0.240000 
0.759127 0.981136 -1.778512 -0.326701 0.250000 
0.741116 0.977646 -1.823143 -0.371970 0.260000 
0.722675 0.973683 -1.864614 -0.421089 0.270000 
0.703835 0.969211 -1.902852 -0.474103 0.280000 
0.684629 0.964188 -1.937801 -0.531031 0.290000 
0.665090 0.958577 -1.969411 -0.591862 0.300000 
0.645252 0.952338 -1.997645 -0.656562 0.310000 
0.625148 0.945433 -2.022474 -0.725071 0.320000 
0.604814 0.937824 -2.043878 -0.797306 0.330000 
0.584282 0.929475 -2.061843 -0.873164 0.340000 
0.563588 0.920349 -2.076360 -0.952520 0.350000 
0.542766 0.910413 -2.087425 -1.035235 0.360000 
0.521851 0.899634 -2.095036 -1.121153 0.370000 
0.500877 0.887980 -2.099197 -1.210103 0.380000 
0.479879 0.875422 -2.099910 -1.301907 0.390000 
0.458890 0.861933 -2.097183 -1.396372 0.400000 
0.437947 0.847487 -2.091025 -1.493301 0.410000 
0.417081 0.832060 -2.081448 -1.592486 0.420000 
0.396329 0.815630 -2.068470 -1.693716 0.430000 
0.375723 0.798179 -2.052112 -1.796772 0.440000 
0.355298 0.779689 -2.032406 -1.901429 0.450000 
0.335086 0.760146 -2.009389 -2.007458 0.460000 
0.315121 0.739536 -1.983114 -2.114622 0.470000 
0.295435 0.717851 -1.953647 -2.222677 0.480000 
0.276058 0.695081 -1.921071 -2.331372 0.490000 
0.257023 0.671222 -1.885491 -2.440441 0.500000 
0.238358 0.646272 -1.847038 -2.549609 0.510000 
0.220092 0.620230 -1.805873 -2.658580 0.520000 
0.202249 0.593102 -1.762189 -2.767039 0.530000 
0.184855 0.564893 -1.716219 -2.874644 0.540000 
0.167932 0.535613 -1.668243 -2.981021 0.550000 
0.151496 0.505278 -1.618585 -3.085757 0.560000 
0.135564 0.473905 -1.567628 -3.188399 0.570000 
0.120146 0.441518 -1.515810 -3.288437 0.580000 
0.105249 0.408147 -1.463631 -3.385311 0.590000 
0.090873 0.373825 -1.411654 -3.478396 0.600000 
0.077013 0.338594 -1.360504 -3.567010 0.610000 
0.063658 0.302502 -1.310861 -3.650409 0.620000 
0.050789 0.265606 -1.263453 -3.727797 0.630000 
0.038379 0.227969 -1.219042 -3.798341 0.640000 
0.026395 0.189664 -1.178400 -3.861192 0.650000 
0.014796 0.150773 -1.142289 -3.915510 0.660000 
0.003532 0.111385 -1.111424 -3.960499 0.670000 
-0.007452 0.071597 -1.086446 -3.995450 0.680000 
-0.018218 0.031512 -1.067882 -4.019773 0.690000 
-0.028833 -0.008762 -1.056118 -4.033039 0.700000 
-0.039364 -0.049111 -1.051372 -4.035007 0.710000 
-0.049884 -0.089424 -1.053684 -4.025640 0.720000 
-0.060461 -0.129587 -1.062909 -4.005110 0.730000 
-0.071164 -0.169490 -1.078728 -3.973788 0.740000 
-0.082056 -0.209028 -1.100669 -3.932214 0.750000 
-0.093196 -0.248102 -1.128134 -3.881071 0.760000 
-0.104635 -0.286621 -1.160433 -3.821142 0.770000 
-0.116418 -0.324499 -1.196820 -3.753270 0.780000 
-0.128582 -0.361662 -1.236520 -3.678323 0.790000 
-0.141157 -0.398045 -1.278765 -3.597163 0.800000 
-0.154163 -0.433588 -1.322811 -3.510617 0.810000 
-0.167617 -0.468242 -1.367957 -3.419467 0.820000 
-0.181524 -0.501964 -1.413557 -3.324434 0.830000 
-0.195887 -0.534720 -1.459026 -3.226174 0.839999 
-0.210702 -0.566479 -1.503844 -3.125281 0.849999 
-0.225960 -0.597218 -1.547551 -3.022286 0.859999 
-0.241648 -0.626919 -1.589753 -2.917664 0.869999 
-0.257749 -0.655567 -1.630108 -2.811839 0.879999 
-0.274243 -0.683153 -1.668330 -2.705190 0.889999 
-0.291108 -0.709670 -1.704179 -2.598059 0.899999 
-0.308318 -0.735114 -1.737457 -2.490756 0.909999 
-0.325848 -0.759485 -1.768004 -2.383561 0.919999 
-0.343669 -0.782786 -1.795692 -2.276736 0.929999 
-0.361752 -0.805022 -1.820421 -2.170521 0.939999 
-0.380067 -0.826199 -1.842115 -2.065141 0.949999 
-0.398584 -0.846328 -1.860719 -1.960807 0.959999 
-0.417271 -0.865420 -1.876196 -1.857722 0.969999 
-0.436097 -0.883487 -1.888520 -1.756076 0.979999 
-0.455031 -0.900547 -1.897681 -1.656051 0.989999 
-0.474040 -0.916614 -1.903675 -1.557822 0.999999 
-0.493094 -0.931710 -1.906509 -1.461555 1.009999 
-0.512160 -0.945853 -1.906193 -1.367408 1.019999 
-0.531207 -0.959065 -1.902742 -1.275534 1.029999 
-0.550205 -0.971371 -1.896177 -1.186073 1.039999 
-0.569121 -0.982795 -1.886520 -1.099160 1.049999 
-0.587925 -0.993363 -1.873796 -1.014920 1.059999 
-0.606587 -1.003103 -1.858032 -0.933465 1.069999 
-0.625075 -1.012042 -1.839255 -0.854900 1.079999 
-0.643362 -1.020211 -1.817498 -0.779315 1.089999 
-0.661416 -1.027639 -1.792793 -0.706790 1.099999 
-0.679208 -1.034357 -1.765177 -0.637387 1.109999 
-0.696710 -1.040397 -1.734687 -0.571158 1.119999 
-0.713892 -1.045791 -1.701368 -0.508138 1.129999 
-0.730728 -1.050571 -1.665266 -0.448343 1.139999 
-0.747188 -1.054769 -1.626434 -0.391778 1.149999 
-0.763247 -1.058417 -1.584929 -0.338426 1.159999 
-0.778878 -1.061548 -1.540816 -0.288256 1.169999 
-0.794055 -1.064193 -1.494164 -0.241220 1.179999 
-0.808753 -1.066383 -1.445050 -0.197253 1.189999 
-0.822948 -1.068148 -1.393557 -0.156275 1.199999 
-0.836617 -1.069518 -1.339774 -0.118191 1.209999 
-0.849737 -1.070521 -1.283797 -0.082894 1.219999 
-0.862286 -1.071184 -1.225725 -0.050264 1.229999 
-0.874244 -1.071535 -1.165665 -0.020173 1.239999 
-0.885593 -1.071596 -1.103726 0.007516 1.249999 
-0.896313 -1.071392 -1.040021 0.032948 1.259999 
-0.906388 -1.070944 -0.974664 0.056269 1.269999 
-0.915801 -1.070273 -0.907772 0.077630 1.279999 
-0.924538 -1.069398 -0.839462 0.097181 1.289999 
-0.932586 -1.068335 -0.769850 0.115073 1.299999 
-0.939932 -1.067101 -0.699052 0.131452 1.309999 
-0.946564 -1.065710 -0.627182 0.146464 1.319999 
-0.952472 -1.064176 -0.554350 0.160247 1.329999 
-0.957648 -1.062509 -0.480667 0.172936 1.339999 
-0.962083 -1.060720 -0.406240 0.184662 1.349999 
-0.965770 -1.058819 -0.331171 0.195549 1.359999 
-0.968705 -1.056812 -0.255562 0.205714 1.369999 
-0.970880 -1.054706 -0.179512 0.215273 1.379999 
-0.972294 -1.052508 -0.103118 0.224335 1.389999 
-0.972942 -1.050221 -0.026473 0.233006 1.399999 
-0.972823 -1.047849 0.050328 0.241388 1.409999 
-0.971935 -1.045394 0.127194 0.249582 1.419999 
-0.970279 -1.042857 0.204031 0.257690 1.429999 
-0.967855 -1.040240 0.280747 0.265810 1.439999 
-0.964665 -1.037541 0.357249 0.274045 1.449999 
-0.960711 -1.034758 0.433440 0.282498 1.459999 
-0.955997 -1.031890 0.509224 0.291276 1.469999 
-0.950528 -1.028931 0.584501 0.300491 1.479999 
-0.944309 -1.025878 0.659167 0.310257 1.489999 
-0.937347 -1.022724 0.733116 0.320697 1.499999 
-0.929649 -1.019462 0.806237 0.331938 1.509999 
-0.921225 -1.016082 0.878417 0.344112 1.519999 
-0.912085 -1.012576 0.949537 0.357361 1.529999 
-0.902239 -1.008931 1.019477 0.371828 1.539999 
-0.891699 -1.005135 1.088112 0.387664 1.549999 
-0.880481 -1.001173 1.155315 0.405023 1.559999 
-0.868598 -0.997029 1.220955 0.424064 1.569999 
-0.856068 -0.992685 1.284902 0.444945 1.579999 
-0.842906 -0.988123 1.347024 0.467825 1.589999 
-0.829134 -0.983321 1.407190 0.492863 1.599999 
-0.814770 -0.978258 1.465271 0.520210 1.609999 
-0.799836 -0.972909 1.521139 0.550015 1.619999 
-0.784355 -0.967249 1.574672 0.582417 1.629999 
-0.768350 -0.961252 1.625752 0.617542 1.639999 
-0.751848 -0.954889 1.674265 0.655508 1.649999 
-0.734874 -0.948132 1.720107 0.696413 1.659999 
-0.717455 -0.940950 1.763180 0.740341 1.669999 
-0.699620 -0.933315 1.803395 0.787359 1.679999 
-0.681397 -0.925193 1.840670 0.837514 1.689999 
-0.662816 -0.916554 1.874933 0.890830 1.699999 
-0.643909 -0.907366 1.906122 0.947313 1.709999 
-0.624704 -0.897597 1.934183 1.006948 1.719999 
-0.605236 -0.887216 1.959072 1.069698 1.729999 
-0.585534 -0.876193 1.980753 1.135506 1.739999 
-0.565631 -0.864496 1.999198 1.204295 1.749999 
-0.545561 -0.852097 2.014390 1.275967 1.759999 
-0.525354 -0.838968 2.026316 1.350409 1.769999 
-0.505045 -0.825080 2.034974 1.427488 1.779999 
-0.484666 -0.810409 2.040371 1.507057 1.789999 
-0.464249 -0.794931 2.042518 1.588950 1.799999 
-0.443826 -0.778623 2.041440 1.672991 1.809999 
-0.423430 -0.761465 2.037166 1.758988 1.819999 
-0.403093 -0.743438 2.029740 1.846736 1.829999 
-0.382846 -0.724525 2.019213 1.936018 1.839999 
-0.362719 -0.704713 2.005650 2.026605 1.849999 
-0.342743 -0.683989 1.989132 2.118255 1.859999 
-0.322946 -0.662345 1.969752 2.210712 1.869999 
-0.303357 -0.639773 1.947624 2.303709 1.879999 
-0.284002 -0.616270 1.922880 2.396963 1.889999 
-0.264908 -0.591834 1.895676 2.490174 1.899999 
-0.246096 -0.566468 1.866192 2.583026 1.909999 
-0.227591 -0.540176 1.834636 2.675183 1.919999 
-0.209410 -0.512968 1.801244 2.766286 1.929999 
-0.191571 -0.484855 1.766286 2.855953 1.939999 
-0.174088 -0.455855 1.730067 2.943776 1.949998 
-0.156973 -0.425987 1.692923 3.029318 1.959998 
-0.140232 -0.395278 1.655229 3.112113 1.969998 
-0.123869 -0.363756 1.617394 3.191668 1.979998 
-0.107883 -0.331457 1.579859 3.267459 1.989998 
-0.092269 -0.298421 1.543093 3.338940 1.999998 
